A 5 4 3 9 8 9 3 5 6 9 4 10 3 5 6 6 1 8 10 2
B 10 9 9 2 8 3 9 9 10 1 7 10 8 4 2 1 4 8 4 8
C 10 4 4 3 1 3 5 10 6 8 6 8 4 10 7 2 4 5 1 8
D 2 1 4 2 3 9 3 4 7 3 4 1 3 2 9 8 6 5 7 8
E 3 4 4 1 4 10 1 2 6 4 5 10 2 2 3 9 10 9 9 10
F 1 10 1 8 1 3 1 7 1 1 2 1 2 6 3 3 4 4 8 6
G 1 8 7 10 10 3 4 6 1 6 6 4 9 6 9 6 4 5 4 7
H 8 10 3 9 4 9 3 3 4 6 4 2 6 7 7 4 4 3 4 7
I 1 3 8 2 6 9 2 7 4 8 10 8 10 5 1 3 10 10 2 9
J 2 4 1 9 2 9 7 8 2 1 4 10 5 2 7 6 5 7 2 6
K 4 5 1 4 2 3 3 4 1 8 8 2 6 9 5 9 6 3 9 3
L 3 1 1 8 6 8 8 7 9 3 2 1 8 2 4 7 3 1 2 4
M 5 9 8 6 10 4 10 3 4 10 10 10 1 7 8 8 7 7 8 8
N 1 4 6 1 6 1 2 10 5 10 2 6 2 4 5 5 3 5 1 5
O 5 6 9 10 6 6 10 6 4 1 5 3 9 5 2 10 9 9 5 1
P 10 9 4 6 9 5 3 7 10 1 6 8 1 1 10 9 5 7 7 5
Q 2 6 6 6 6 2 9 4 7 5 3 2 10 3 4 5 10 9 1 7
R 5 2 4 9 8 4 8 2 4 1 3 7 6 8 1 6 8 8 10 10
S 9 6 3 1 8 5 7 8 7 2 1 8 2 8 3 7 4 8 7 7
T 8 4 4 9 7 10 6 2 1 5 8 5 1 1 1 9 1 3 5 3
